0.0058391234486105965
0.012238426210719855
0.02464516392266218
0.04768327426196583
0.08863977575322254
0.15831404638821717
0.2716679915096418
0.4479048017741114
0.7095143640001766
1.0798536520837276
1.5790535720568326
2.2184881923500903
2.994647871537878
3.883854827900864
4.8395974998942295
5.794093784847751
6.664905954302108
7.366134934333966
7.8222804448639005
7.981774920496325
7.826940522024597
7.377874123510437
6.689347520630253
5.841696322895223
4.9282047337426915
4.042153137489771
3.2663035414878996
2.6663775617228476
2.288545033517533
2.159672860829833
2.2885174941423845
2.6663214851869474
3.2662173014511873
4.042035145326295
4.928054265953409
5.841514329447476
6.689137221748414
7.37764123227491
7.826693002957247
7.981522297318029
7.822032778201432
7.365901671291942
6.664694881300961
5.793910283720724
4.8394442257148995
3.883731822074522
2.9945530275562215
2.2184179301523588
1.5790035614943234
1.0798194517852586
0.7094918928014369
0.44789061607345637
0.27165938744715706
0.15830903238581256
0.08863696842145907
0.0476817640734573
0.024644383379715782
0.012238038604563595
0.005838938516319669
