0.42901705477747204
0.22245561886466714
0.1763885436290747
0.12136112855385968
0.20489599886815768
0.3301474994944983
0.11043818953300366
0.22722059525551647
0.445760704882663
0.23443101912591624
0.32498280211692643
0.19406738335332793
0.4304496666232268
0.4406154272409034
0.16915279239981879
0.204379011588413
0.373072821109434
0.3632580728546972
0.3722438208802575
0.28613597955639625
0.412196480485209
0.16725082893266785
0.3037830502151395
0.2157676623906102
0.059322483596588926
0.21969332993268226
0.4525516782892255
0.43092661134675725
0.36214735661976316
0.1970363188314238
0.4217834017676997
0.1498842594627674
0.23547308062284317
0.19068536863063648
0.2458966773935372
0.44264204844029215
0.3441663130090565
0.3831229682061104
0.427451918081967
0.1838898360755824
0.1571692285206911
0.3888299940439935
0.17999046954491865
0.37532543037482663
0.3498463279452171
0.16938208892274256
0.26720132754511144
0.4700838302265146
0.16507152734185698
0.12898107076992682
0.2601615558236079
0.1462315544185318
0.15726445458782426
0.3330727756262605
0.3866505969622608
0.20024851810650585
0.13235737215329435
0.4256757417219035
0.3843638421778058
0.32907677207978403
0.40175699181493235
0.4373358119604129
0.20190943904195524
0.20675054908697862
0.45796150675285857
0.3595422141064941
0.13858735485705304
0.3705850903920283
0.08006072813169007
0.3572938457179401
0.4447137248492326
0.44692380283995875
0.20429754733007152
0.3854491197799973
0.22700715613736547
0.20239567650362666
0.4128800505615151
0.2680873860743464
0.426060947972089
0.17941807052305261
0.4871971370942956
0.27225882465154405
0.21207088259465706
0.1870806138280341
0.3533887792718998
0.20654471950568032
0.418121845062864
0.1993634694454929
0.44397274461407976
0.4365632920871831
0.38681560609096105
0.22073531711559186
0.3741179824537842
0.1811857618510706
0.30003914311619495
0.15740173021639478
0.20631204821353497
0.18295059827296103
0.38684321620450973
0.4264987541333284
0.41744542251388284
0.3681488158807018
0.2332867013899829
0.3035666038328022
0.2538957008584707
0.46924506544945477
0.36548490247681753
0.3204894205535169
0.333882161548931
0.2511980157453134
0.3595039042069341
0.31337500752250935
0.19432529199075865
0.3189799719946516
0.3787418665867181
0.40010582354424024
0.22567348563430426
0.21067983293487957
0.20844498267600825
0.4628123631995101
0.41105189304343837
0.34472488433964454
0.21107332856623393
0.47444799246876124
0.18584035762654993
0.09978579021360229
0.29770867969602444
0.1829531986469884
0.36540889006899346
0.22244650616253372
0.4049363888167198
0.2234900831593235
0.41927224164106236
0.44729512208892036
0.4363710591276626
0.3949267512408717
0.4233094630291332
0.3891832336813339
0.1482336483842328
0.21497648596766944
0.16394025360355635
0.24025867516250032
0.31008351451641847
0.12130119265874419
0.37497549624337956
0.37071650186500793
0.25182240156841273
0.1905380137503686
0.17585908139861076
0.21310440509729697
0.4085070686002758
0.18969421947665793
0.4631207216393065
0.39812529957392206
0.1856249092140383
0.31182028569544373
0.252814353984852
0.22121252257956006
0.05101572140858865
0.5230507572788914
0.18871192706928072
0.4947574119134035
0.4049250582654201
0.4481743050849812
0.20678358985212394
0.40626490870263643
0.1707327749921418
0.4210954175504975
0.37124680354190565
0.3877935513722047
0.1642014352114033
0.37016286886733246
0.44804878138852866
0.3641108747229379
0.3209347015104178
0.400112783454279
0.21354733970446863
0.35233579252402614
0.17161340416203913
0.35096964535272845
0.31028619331061774
0.1792246179693246
0.32543334721864947
0.1732575637042029
0.17170017989515318
0.36504605132233037
0.19945085986368108
0.32680164995439326
0.40124907917747554
0.20046046594550318
0.10361346524316008
0.4216689419703042
0.20300528406932808
0.4566746515597468
0.45036229903945313
0.17273115804578096
0.35641987874173925
0.380244180816323
0.20231392576196566
0.28766749052261686
0.20586918813229663
0.199649436173962
0.3550634108823358
0.34007614141497133
0.4373821363501162
0.39943033828031116
0.3657106335327449
0.16749046450023697
0.18122190061510307
0.39571448103836404
0.2360870815627833
0.37754669941885277
0.4059638057174066
0.34915308036990156
0.4356865059515575
0.17938959572650648
0.25126780514191094
0.2212223543831447
0.40057934406106105
0.38512079208353656
0.43779477254419474
0.41265958883172466
0.32686433431473544
0.43444725681100976
0.18325379432216524
0.2598026317838653
0.411947369647848
0.40070867381823005
0.4254643288364093
0.19427386766724292
0.3683019460633627
0.19509821335596014
0.36454983670455426
0.44150089551977467
0.2682675714483856
0.25059654097213485
0.3759279722880466
0.10856702624803644
0.34453883637093163
0.26499798644875583
0.2020405932663894
0.31785944271880034
0.42942473761288974
0.30667122932573476
0.47024617637600274
0.13325892218665897
0.211976347493577
0.15652335857821048
0.3851646170344323
0.21806853659125228
0.39373561294000126
0.44484341000298805
0.3835465866162455
0.4912300293851593
0.25754026901016586
0.22021521585187237
0.173314396198666
0.44838559305389697
0.4530713080676583
0.4327382341581905
0.20268398514651512
0.3182486332946494
0.3392533316905767
0.3102597123981029
0.24655864605833158
0.37541587939324095
0.10551579669609808
0.1837260430816346
0.09465505818136384
0.4594249004113352
0.27759449409461523
0.1396595237545339
0.3840406867587443
0.3395201351560242
0.20496094314052624
0.3336516343523367
0.28353339949103
0.22002039663638043
0.3736841274532631
0.3971175348087103
0.37874806603053557
0.21816307258202275
0.24574501693238182
0.3694112365053929
0.40859885355094866
0.24834157830633502
0.4265641005579632
0.17109930748448116
0.22118107259580258
0.4154813904776702
0.17176033779612845
0.38573347908213507
0.220352081082295
0.17122712140197413
0.3999444188694905
0.42821944027695036
0.39701892314591475
0.22128402425819366
0.29180373427706324
0.3018484310037329
0.2653833672867218
0.38292254194470743
0.3661358271557387
0.18205114177732484
0.38780195616626334
0.4049908249671135
0.2104599968079007
0.39979027845123705
0.24122060223946218
0.12789967618681528
0.1021036584161264
0.3688687127226083
0.27166160854201105
0.1723699053452186
0.3810856226172638
0.4268425700857589
0.45846591697608063
0.31760911531566205
0.23739053749093297
0.39537332922559665
0.2896461966277794
0.4006452847181759
0.44319702056176435
0.1002479379360523
0.32475222934085657
0.30964517702228833
0.21876781869818027
0.20684335962523823
0.3453488650215001
0.40231816450767977
0.4069935363666298
0.3550664721129898
0.35184069179003175
0.21961197959817674
0.4584102649841504
0.25800680222072864
0.36883834552682515
0.24131850425089824
0.1869300344316153
0.43203961239016586
0.468047878931525
0.38875905998262994
0.15640811751838823
0.2574822876824862
0.1854241383571961
0.44295580232250026
0.4513747177281035
0.1567882987810159
0.13479114595259722
0.3781385245735813
0.35751280284609777
0.2187659167710451
0.3049192481798919
0.28645678227145777
0.3676995519090056
0.13902821565089463
0.3204919456639931
0.23709876834845564
0.4910509918185171
0.4058443258527477
0.2872387926446472
0.3903017040700969
0.4861624531454222
0.1555829596708818
0.4032487298743448
0.174185283473973
0.16866305475970628
0.2087966645733181
0.3502334043235852
0.16777747854168665
0.362813702636098
0.44952596976435355
0.21854856128397665
0.23287217303524307
0.2226223410342708
0.1665069804331965
0.3956930557780121
0.2473500732289536
0.1703020263495609
0.19762291101704788
0.38256066746815
0.14155397867296443
0.46786337451368754
0.4648259854333229
0.23137351884235968
0.1404687821825012
0.21324034409106124
0.2320383115707711
0.39881808660267243
0.3523839520890844
0.2554936004833947
0.42574967895009563
0.14740655868018684
0.5039334068047665
0.4281110269963503
0.20314577341980242
0.18453063371951725
0.21270701700453065
0.3492192901693485
0.12491469746344498
0.39699057839732854
0.3364252167470272
0.3908319543800759
0.4934273959655006
0.27261438231890567
0.24066821418485387
0.1708144936072678
0.525679440310489
0.16470297492310892
0.26417178733578706
0.15253471707962935
0.36397030630008315
0.438385180461248
0.42342907295582066
0.34169535765055237
0.22009244498893438
0.23945059511166072
0.47354583747963536
0.3005440677226522
0.12309971731642468
0.1971523731749171
0.3794137506118579
0.38747730785639306
0.37278296348839823
0.13866798907534117
0.2634472911953158
0.11570791560832132
0.4328038052210442
0.13022807612504964
0.2981431909888614
0.4060037915509547
0.21772078626027
0.1389229048588873
0.31052699802303046
0.3936697439452428
0.4802570071564779
0.3564315249495916
0.14049276425562401
0.4492560872728456
0.4197792727092413
0.21329814820220272
0.2198573356492207
0.3368234448310102
0.16821933381218765
0.28204873736343894
0.1639347734389413
0.1618480362868508
0.1874047984006267
0.3843141906051643
0.48009486838047255
0.3522280209492009
0.3465389617339815
0.4706565664432032
0.4031888670687352
0.3765197288353334
0.26443923417523013
0.17302940349400353
0.3931809147645953
0.4445580026121058
0.10641838250852849
0.438352546562386
0.4535358057063239
0.4477033360594135
0.359702473217703
0.4712967906547094
0.43732103246511134
0.3789764913618463
0.3940281245143969
0.39285426274659285
0.18332288465343946
0.5230926716943612
0.2529156507643092
0.3900411860235804
0.38603145705849956
0.42562269041984585
0.4066398049675152
0.3717454835167323
0.50193213539115
0.35365069288157513
0.24723314713443167
0.1520744541099958
0.43094879550016263
0.19163041950850826
0.39535277764226834
0.3522156070753188
0.4686712829978417
0.18971348984237418
0.3775120804230939
0.4130928926673193
0.4941969372414463
0.444425540132261
0.2971580869606954
0.43035567229521277
0.11395897664457505
0.2213910019093827
0.4257057623629731
0.26546491718966225
0.19047318519420822
0.2198961271020134
0.2250283761663397
0.37908509740124585
0.37878285078407997
0.44912850889816924
0.4481656128254075
0.3940502767372421
0.4694787208159657
0.22347620087182613
0.3893904929365733
0.14396143828973643
0.19012043584676952
0.24698597446805293
0.4113302770751528
0.4028990023016714
0.3748666175655958
0.3807095715989355
0.4229135386263148
0.18328243048573917
0.16772656426106053
0.4407870055633782
0.4001979460754453
0.2014794517262028
0.20351529299390117
0.3623954809025851
0.4594684149220361
0.2253638581383295
0.24890158712077637
0.2342095940504563
0.15029043690618682
0.1758726779853038
0.2063015028462558
0.4619449241150617
0.35938221646501606
0.3551449960458688
0.34038389894212934
0.22254321797088644
0.404937790556435
0.21053392835839208
0.2039171591810799
0.18277914489019773
0.3593745006906304
0.2390739851462963
0.19048175355382416
0.39674287866178326
0.38657337542601794
0.3960182199242083
0.40705469785103426
0.3145394542821184
0.3749419875395696
0.4049857768320789
0.20294205391574532
0.1486322663214928
0.38823824116237804
0.12566066679702845
0.20866583789417578
0.345412880912643
0.3243062701579091
0.44949136253252375
0.13976066754467462
0.39518728091211697
0.3938977021173715
0.42963261906151146
0.17952799033990535
0.1414204916743766
0.41672521151352865
0.46218259531347783
0.3871111376069605
0.45165603970090346
0.440008677259515
0.4091676280709211
0.29400184721668904
0.41379369972275815
0.11556519808590071
0.20993652735486268
0.2217716682658183
0.3943067127276195
0.45807970398689535
0.4093716541061931
0.43561642767611297
0.3801960058742131
0.17076098159077596
0.08087248080120935
0.377046677867202
0.12186050655175817
0.1989894447096708
0.37118970857043865
0.21085275786261104
0.14234804120043032
0.15642214525094916
0.18862971971950038
0.24738573645195253
0.2679093691856145
0.2287253452618929
0.21249690178361014
0.4501549049443115
0.4547617088891165
0.40458804605124254
0.323493581249192
0.18341731128065308
0.32973839707731306
0.27340517659014085
0.36255555697132724
0.20103166134903414
0.5001430803135524
0.2850624104283223
0.364486373558561
0.2897346763990182
0.2007838029642019
0.43520058840319603
0.16654979298824418
0.1895742391645838
0.1854691220234763
0.16439408923182636
0.43946169625802745
0.17183394265283872
0.17657677582328357
0.2537716400709643
0.39942978563436454
0.44379275703153553
0.459107060914187
0.21417479836618938
0.4290182604133348
0.13762536024606664
0.29853010309220046
0.25018028933911696
0.3882739241631663
0.3197822915134664
0.38688574227805167
0.17656146867386305
0.41154006645369784
0.27447936338305134
0.4050375819139335
0.2812037242703943
0.1817009864130201
0.22997083432167392
0.45414245020968264
0.1765828362717858
0.3605248580035039
0.4427717817545583
0.38387101879385416
0.3728049151169211
0.44212517357429737
0.491760808505538
0.41197082211184144
0.3368193793765528
0.45485396695154506
0.41450099390823414
0.4242859247521119
0.22204890392055082
0.249894727894965
0.19680084379260737
0.13670255105200912
0.4662572880384955
0.24580136459052757
0.3373260652622425
0.20499317145288132
0.36137755074257716
0.13811841122210405
0.3730113151471495
0.3142508633710386
0.4067429658478566
0.15678374207501672
0.10242935955795408
0.18632127607080592
0.3942711448807801
0.17558745188952435
0.47287190555174
0.4104897378521134
0.3726865342917744
0.3733051304558027
0.22184923925582506
0.4282313761866312
0.41452578118103484
0.1745372743728638
0.5149838987332285
0.26112528923669376
0.28078347606273607
0.1299388400401671
0.228930229644889
0.19919997953706614
0.22092364789557656
0.43959635828722365
0.3892625849999714
0.3406606776254459
0.17572692706370058
0.36578998819637093
0.44481307175984097
0.29556837335831665
0.24715942162682691
0.16642367865917962
0.3759108946147912
0.2623343581829644
0.15277229143752108
0.38798514920020194
0.18583965360007984
0.4130891587283806
0.21463144257774622
0.37925001132341307
0.1290857347904242
0.16015998452129565
0.4190011996834795
0.3901883592333473
0.39697389573929687
0.3547633107716855
0.19662421627970753
0.31864546020792506
0.15317136842619977
0.4267007428117764
0.45812886093828353
0.1784993106655037
0.06325369927190608
0.49843038359765335
0.23283572674464809
0.3554980102467571
0.4083451332591764
0.27807416592964723
0.20625361816188148
0.17946023988394066
0.39631612156263024
0.2270573849251662
0.3622024045959571
0.2910277382363687
0.1423540792264988
0.16666804760869763
0.441509790499305
0.37145687270527794
0.28781358393464784
0.4068290612928991
0.4542266206484018
0.20406297441995708
0.2508789798812315
0.32477835138054134
0.5276444348097279
0.21387104587256683
0.1832683851378387
0.33476984972871765
0.17474628194388175
0.20720275605466248
0.424210951589207
0.36702773766224045
0.4420032367451838
0.16222294631974793
0.28678926523652953
0.44533224196062265
0.23006845233711193
0.22456820076356301
0.3237071325057722
0.12003519843517164
0.4031111219325635
0.3914862442573125
0.46500986621572976
0.24260408635089742
0.19919354533353073
0.35518593366615336
0.222739207060274
0.15015749797895186
0.5087796861805746
0.5038740605484296
0.19017544783374674
0.19271264509851405
0.12134850804434398
0.22864296678161508
0.2112476947083194
0.2360985272672987
0.15239509139652332
0.24722177418141117
0.4947402367478329
0.4180184446220593
0.4022238859845918
0.1803600957302973
0.26220888443536783
0.2580075096253037
0.500735878344318
0.21456979947494137
0.5630641165912607
0.4036782377947286
0.16773312688159558
0.3389771259764339
0.5114968136784768
0.18359618165782723
0.44148557077805634
0.3088379385361326
0.33679080443624665
0.24087545955180262
0.31956606775226876
0.48700342713708267
0.11071256344982165
0.38684106009804864
0.20714596519713266
0.40208824676672866
0.17387261199348353
0.09833005349890594
0.34675872534403485
0.4524710497613714
0.48952485624765973
0.13369752844880312
0.1365776365749168
0.22063103648734658
0.41577592807854763
0.20161608379062088
0.3385141770706216
0.3720916685114935
0.2837009575786034
0.21750875361225402
0.2444237655076667
0.16327978009560334
0.32958810107951897
0.18886626214427657
0.32091176105789804
0.2155768982924038
0.33594400765265786
0.233116811112313
0.3031737829656992
0.2558729372767442
0.26023398265280695
0.26013084959079613
0.47123731121159373
0.3306370298778917
0.13001636738283961
0.1777797365865596
0.3522701414050339
0.4132265743315029
0.3801457989246708
0.17791891636137247
0.23459289728211158
0.2667551913387794
0.4479494425730195
0.16114271063325925
0.39954406076328136
0.19502433783312556
0.369623216624925
0.4171428900962903
0.20468352663335926
0.4223492325364546
0.22855238600648145
0.16162188963291943
0.2495831553294019
0.2186047127472678
0.5114474952838178
0.18184294151007788
0.46227868610984185
0.18315780724933772
0.47739209503559155
0.224703232051245
0.48295293746299545
0.33792186829252613
0.13829273631161024
0.3681456985581783
0.42197830173653733
0.3750376775261567
0.4115875789236269
0.4035575717440946
0.42674005088348327
0.37732777539756557
0.18439179287745144
0.21086706020400262
0.20508828129617895
0.3217390606353094
0.2628823665954281
0.4316646016026786
0.17545711052857632
0.36697869413261563
0.3295836596134727
0.15384868368069915
0.33067370370307136
0.4083787836074641
0.4524698435888942
0.22613406867431302
0.4209273695045562
0.4321663726124966
0.20897280881258612
0.46792540376439
0.1921523154468295
0.3871841845538216
0.47958468873069204
0.38653487050274604
0.17640139494996804
0.2607089940528159
0.4609727476045189
0.12915888984425344
0.3535755462904263
0.15595321439877977
0.21033508799405765
0.2219661777234951
0.06175973737308668
0.3843703254975685
0.33705084814127756
0.12539850559958493
0.3672931092744436
0.4091845195910592
0.167736289020435
0.4151950058219277
0.14761956460498693
0.2258293921115728
0.2704461396462621
0.19669229234727634
0.132765895407893
0.4590146810490693
0.47804785719209825
0.27019685848079633
0.1962467027896346
0.35789653821231737
0.20584833696529808
0.41191429425948023
0.34586094611993234
0.19660470816313771
0.24130081827550212
0.32001390416024655
0.22308638745053933
0.1244311273527543
0.10645649863185092
0.43522097886430183
0.18162448797037903
0.37761657509035984
0.4931707975012677
0.3814289408878898
0.37094112959752473
0.4044617400318619
0.315818897175707
0.33933067127288746
0.06339538330804065
0.40318444628711275
0.48227342012294755
0.17766019180836315
0.3959096243975648
0.19529998173168292
0.3511209071838451
0.4264330448435663
0.4080932884121055
0.38920843992065424
0.1470758344084182
0.3764181318422126
0.12962672859090127
0.2246212713964056
0.36652762810349987
0.15254682546158493
0.34614137686102786
0.198893766644805
0.3337550480160999
0.08597288988791799
0.21004096254841859
0.46412635609711406
0.43202061901318806
0.39631113617092045
0.5429495480995704
0.43977198607086426
0.19151878109714862
0.44502272983830016
0.3692461385175199
0.13952588508823185
0.24060388774898353
0.322468129761208
0.3741384219814595
0.14621299966614748
0.31046901045508
0.4805970592747017
0.433866642548646
0.3494156348788976
0.36457441416929065
0.22052893329166395
0.48939143097488647
0.18670936896436685
0.17768424647942876
0.2706255061406602
0.3962004618500899
0.1929507095422653
0.4158824246752214
0.21983660467439042
0.395895735375038
0.43490397704298817
0.387085445794793
0.42195276131283405
0.16916559141000498
0.25508153685658963
0.3759889163222302
0.20088709365260313
0.35479591555541723
0.2917030167086864
0.48083860559927594
0.20171576884006542
0.11407421151587277
0.23154488588293246
0.4367757101870588
0.2144204876638962
0.5335980929499169
0.3582909822715718
0.3421858573761864
0.16389189655182568
0.2556321766331938
0.3957462197967082
0.32759259267693286
0.18653232855647142
0.3235264929740541
0.18338815946246612
0.4032614588557451
0.19407214496581587
0.11532800908996917
0.35443669409406153
0.4957882356033191
0.1921183911301259
0.379173485650046
